482001
482002
482003
482004
482005
482006
482007
482008
482009
482010
482011
482012
482013
482014
482015
482016
482017
482018
482019
482020
482021
482022
482023
482024
482025
482026
482027
482028
482029
482030
482031
482032
482033
482034
482035
482036
482037
482038
482039
482040
482041
482042
482043
482044
482045
482046
482047
482048
482049
482050
482051
482052
482053
482054
482055
482056
482057
482058
482059
482060
482061
482062
482063
482064
482065
482066
482067
482068
482069
482070
